Rule,Importance,In explanation
"Higher education (e.g., Assoc degree) leads to higher income.",1,1
Occupations in the White-Collar category lead to higher income than Blue-Collar occupations.,1,1
